Model	Replicate	log-likelihood	AIC	chi-squared	theta	optimized_params
SC_ae_NeC	Round_6_Replicate_15	-1055.1176	2130.2352	1353.0547	15560.7302	0.0059,0.0034,0.0018,0.6772,0.5802,0.005,0.0012,0.3785,0.4799,0.5157	
IM_ae_NeC	Round_2_Replicate_2	-1055.408	2130.816	1358.9102	11300.3564	0.0039,0.0029,0.0015,0.935,0.7992,0.0021,0.001,0.5225,0.3478,0.3762	
IM_ae_NeC	Round_3_Replicate_3	-1055.4812	2130.9624	1356.0937	10631.665	0.0041,0.0034,0.0017,0.9889,0.85,0.0019,0.0012,0.5498,0.3196,0.3511	
IM_ae_NeC	Round_3_Replicate_20	-1055.7453	2131.4906	1358.4274	10325.813	0.0025,0.0203,0.0101,1.0144,0.8759,0.0011,0.0069,0.5641,0.315,0.3409	
SC_ae_NeC	Round_3_Replicate_3	-1056.194	2132.388	1356.9404	9481.7164	0.0429,0.0029,0.0014,1.1021,0.951,0.0157,0.001,0.6231,0.2924,0.3179	
SC_ae_NeC	Round_3_Replicate_16	-1056.282	2132.564	1362.9944	9227.2855	0.0232,0.003,0.0015,1.1464,0.9791,0.0077,0.0011,0.6358,0.2773,0.3095	
IM_ae_NeC	Round_6_Replicate_15	-1056.3466	2132.6932	1358.234	11445.0522	0.1445,0.0031,0.0015,0.9213,0.7919,0.0928,0.0011,0.503,0.3456,0.3814	
IM_NeC	Round_6_Replicate_21	-1060.8433	2137.6866	1378.5249	7052.8366	0.0035,0.0016,1.4944,1.2911,0.0011,0.7706,0.2088,0.2371	
SC_NeC	Round_4_Replicate_20	-1060.8701	2137.7402	1376.6875	7053.2452	0.0036,0.0017,1.49,1.2893,0.0011,0.7727,0.2091,0.2377	
SC_NeC	Round_3_Replicate_1	-1060.8871	2137.7742	1376.2844	7055.8695	0.0036,0.0017,1.4885,1.2932,0.0011,0.7717,0.2101,0.2378	
SC_NeC	Round_3_Replicate_17	-1060.8895	2137.779	1378.9844	7057.9792	0.004,0.0018,1.4919,1.2894,0.0012,0.769,0.2085,0.2373	
IM_NeC	Round_2_Replicate_5	-1060.89	2137.78	1379.573	7049.8602	0.0035,0.0016,1.494,1.293,0.0011,0.77,0.2063,0.2369	
IM_NeC	Round_2_Replicate_9	-1060.8914	2137.7828	1375.6754	7070.4499	0.0031,0.0015,1.4932,1.2877,0.001,0.7676,0.2091,0.2388	
SC_NeC	Round_3_Replicate_12	-1060.9079	2137.8158	1378.1845	7028.7904	0.0033,0.0015,1.4937,1.2935,0.001,0.7793,0.211,0.2346	
SC_NeC	Round_2_Replicate_19	-1060.9087	2137.8174	1375.6092	7079.0761	0.0032,0.0015,1.4872,1.2864,0.001,0.7662,0.2101,0.2374	
IM_NeC	Round_2_Replicate_5	-1060.9175	2137.835	1378.7821	7037.7762	0.0032,0.0015,1.497,1.2983,0.001,0.7745,0.2117,0.2357	
IM_NeC	Round_6_Replicate_27	-1060.9308	2137.8616	1378.344	7037.5549	0.0031,0.0015,1.4979,1.2897,0.001,0.7767,0.2117,0.2359	
IM_NeC	Round_3_Replicate_13	-1060.9858	2137.9716	1379.607	7022.6885	0.0032,0.0015,1.4912,1.3009,0.001,0.7788,0.2091,0.2374	
SC_NeC	Round_2_Replicate_16	-1061.0239	2138.0478	1378.9697	7081.5856	0.0036,0.0017,1.4844,1.2892,0.0011,0.7628,0.209,0.2349	
SC_ae_NeC	Round_6_Replicate_2	-1061.0326	2142.0652	1379.8213	7043.2345	1.5954,0.0033,0.0015,1.4961,1.2923,0.0022,0.001,0.7706,0.2038,0.238	
SC_ae_NeC	Round_2_Replicate_3	-1063.1425	2146.285	1369.9599	80839.7112	0.0865,0.0029,0.0015,0.1285,0.112,1.9255,0.001,0.0686,2.5598,2.7486	
SC_ae_NeC	Round_2_Replicate_4	-1068.6903	2157.3806	1405.1273	445790.773	0.0151,0.0034,0.0016,0.0233,0.0201,3.1933,0.0011,0.0119,13.804,16.0514	
IM_ae_NeC	Round_6_Replicate_3	-1070.642	2161.284	1392.8044	857993.6913	0.008,0.0034,0.0014,0.0122,0.0106,9.9,0.0011,0.0055,23.7828,29.3765	
IM_ae_NeC	Round_2_Replicate_4	-1081.561	2183.122	1424.2846	2280179.2706	0.0027,0.0023,0.0012,0.0045,0.004,9.8999,0.001,0.0018,67.7546,81.9351	
SC_ae	Round_6_Replicate_5	-1206.5538	2429.1076	1785.5256	20665.6029	0.0015,0.4761,0.4007,0.0021,0.221,0.1152,0.7774,0.7208	
SC_ae	Round_3_Replicate_20	-1206.7215	2429.443	1775.4973	11784.3698	0.0015,0.8391,0.6944,0.0013,0.375,0.2144,0.414,0.4034	
SC_ae	Round_6_Replicate_13	-1207.2376	2430.4752	1760.7918	10844.2046	0.0015,0.9099,0.7471,0.0011,0.4186,0.2275,0.3984,0.3908	
SC_ae	Round_6_Replicate_3	-1208.8331	2433.6662	1775.8924	12208.6899	0.0012,0.8285,0.6602,0.001,0.382,0.1827,0.4362,0.4525	
IM_ae	Round_6_Replicate_10	-1261.507	2537.014	1952.9991	14459.2097	0.0014,0.6618,0.5512,0.0015,0.534,0.4701,0.4444	
IM_ae	Round_2_Replicate_12	-1261.7592	2537.5184	1944.2334	12294.7031	0.0025,0.7774,0.6465,0.0023,0.6234,0.3916,0.3829	
IM_ae	Round_4_Replicate_12	-1261.9166	2537.8332	1929.5984	12917.273	0.0011,0.7396,0.6108,0.0011,0.6001,0.408,0.4125	
IM_ae	Round_6_Replicate_18	-1262.1778	2538.3556	1933.5492	14942.6313	0.0011,0.6336,0.5349,0.0012,0.5162,0.4943,0.4433	
IM_ae	Round_2_Replicate_18	-1262.3913	2538.7826	1960.609	10205.5832	0.0015,0.9387,0.7835,0.0011,0.7476,0.3278,0.31	
IM_ae	Round_6_Replicate_20	-1262.5796	2539.1592	1949.862	11039.3986	0.0013,0.8641,0.7193,0.0012,0.716,0.3681,0.3438	
SC_ae	Round_6_Replicate_22	-1274.1574	2564.3148	1962.7085	3094173.0187	0.0017,0.0031,0.0026,5.0166,0.0012,0.0011,115.9399,110.9683	
SC_ae	Round_3_Replicate_3	-1275.8511	2567.7022	1976.5782	2722883.1951	0.0019,0.0035,0.0029,8.9685,0.0015,0.0011,94.9648,101.9255	
