Model	Replicate	log-likelihood	AIC	chi-squared	theta	optimized_params
SC_ae_NeC	Round_3_Replicate_4	-1207.3182	2434.6364	1586.4235	12736.4535	0.0026,0.0015,0.003,0.6551,1.0838,0.0016,0.0014,0.4579,0.4233,0.2757	
IM_ae_NeC	Round_6_Replicate_26	-1207.4878	2434.9756	1583.1368	12126.0271	0.0026,0.0013,0.0026,0.6879,1.1388,0.0014,0.0012,0.4805,0.4076,0.2601	
IM_ae_NeC	Round_3_Replicate_15	-1207.9267	2435.8534	1586.1082	12672.2441	0.0359,0.0012,0.0025,0.6542,1.0889,0.0225,0.0011,0.4617,0.4279,0.2735	
SC_ae_NeC	Round_3_Replicate_20	-1208.0429	2436.0858	1588.9789	10851.0113	0.0318,0.0013,0.0026,0.7704,1.2745,0.0144,0.0011,0.5329,0.3591,0.2318	
SC_ae_NeC	Round_3_Replicate_16	-1208.0436	2436.0872	1588.9184	10227.0275	0.0033,0.0016,0.0033,0.8151,1.3478,0.0012,0.0015,0.5694,0.3393,0.2218	
IM_ae_NeC	Round_3_Replicate_3	-1208.5093	2437.0186	1594.5627	9966.3615	0.0049,0.0012,0.0024,0.8402,1.3911,0.0017,0.0011,0.5763,0.3276,0.2097	
IM_ae_NeC	Round_3_Replicate_12	-1208.8454	2437.6908	1587.1921	9199.092	0.0101,0.0011,0.0023,0.9084,1.4975,0.0027,0.001,0.6273,0.3066,0.1996	
IM_ae_NeC	Round_6_Replicate_11	-1209.8908	2439.7816	1584.3902	38181.6654	0.0526,0.0011,0.0023,0.2196,0.3599,0.1027,0.001,0.1491,1.2679,0.8305	
SC_ae_NeC	Round_6_Replicate_3	-1209.9661	2439.9322	1586.8754	43333.2147	0.0214,0.0014,0.0028,0.1912,0.3137,0.0415,0.0012,0.1345,1.4361,0.9413	
SC_NeC	Round_6_Replicate_7	-1214.9068	2445.8136	1608.874	7228.2448	0.0012,0.0027,1.1581,1.9135,0.0011,0.7662,0.2494,0.1526	
SC_NeC	Round_6_Replicate_9	-1214.94	2445.88	1607.7258	7225.1566	0.0011,0.0024,1.1573,1.9189,0.001,0.7678,0.2492,0.1537	
IM_NeC	Round_3_Replicate_10	-1214.9413	2445.8826	1608.025	7259.1809	0.0013,0.0029,1.1547,1.9083,0.0012,0.7591,0.248,0.1552	
IM_NeC	Round_3_Replicate_9	-1214.9563	2445.9126	1605.221	7274.0076	0.0011,0.0025,1.1479,1.9046,0.001,0.7577,0.251,0.1536	
SC_NeC	Round_5_Replicate_5	-1214.9901	2445.9802	1609.1539	7258.125	0.0013,0.0029,1.1503,1.9117,0.0012,0.7583,0.2496,0.1524	
SC_NeC	Round_2_Replicate_10	-1214.9952	2445.9904	1605.2382	7242.6882	0.0026,0.006,1.1546,1.9105,0.0024,0.764,0.2506,0.1537	
SC_NeC	Round_3_Replicate_10	-1215.0157	2446.0314	1606.8229	7247.3212	0.0011,0.0025,1.1538,1.9027,0.001,0.7642,0.2504,0.1541	
IM_NeC	Round_3_Replicate_15	-1215.0205	2446.041	1607.1741	7256.3576	0.0013,0.0029,1.1562,1.8997,0.0012,0.7613,0.2481,0.1542	
IM_NeC	Round_2_Replicate_4	-1215.0226	2446.0452	1605.5583	7237.582	0.0028,0.0065,1.1518,1.9113,0.0027,0.7657,0.2516,0.1535	
IM_NeC	Round_2_Replicate_4	-1215.1263	2446.2526	1613.2952	7238.8653	0.0025,0.0057,1.1567,1.9156,0.0023,0.7594,0.2468,0.1533	
IM_NeC	Round_3_Replicate_11	-1215.2093	2446.4186	1603.3779	7285.3169	0.0011,0.0024,1.1481,1.9022,0.001,0.7568,0.2483,0.1562	
SC_NeC	Round_2_Replicate_20	-1215.27	2446.54	1607.4754	7260.1628	0.0013,0.0032,1.1485,1.8992,0.0013,0.7607,0.2507,0.1509	
SC_ae_NeC	Round_3_Replicate_17	-1215.1729	2450.3458	1609.7117	7220.6917	8.8677,0.0014,0.0032,1.1608,1.9069,0.0017,0.0013,0.767,0.2488,0.1525	
SC_ae_NeC	Round_6_Replicate_8	-1217.2106	2454.4212	1618.8386	244275.8244	0.0292,0.001,0.0023,0.0345,0.0571,9.9,0.0009,0.0219,8.5098,4.9463	
IM_ae_NeC	Round_6_Replicate_11	-1219.329	2458.658	1604.0361	452322.6161	0.0157,0.0011,0.0026,0.0185,0.0307,8.0523,0.0011,0.0116,15.9848,9.5636	
SC_ae	Round_2_Replicate_3	-1512.1744	3040.3488	2374.2448	14894.3184	0.0018,0.4823,0.8346,0.002,0.3436,0.1472,0.5666,0.4024	
SC_ae	Round_2_Replicate_8	-1512.1938	3040.3876	2374.9593	14271.6366	0.0012,0.5036,0.876,0.0012,0.3615,0.1472,0.547,0.3774	
SC_ae	Round_6_Replicate_29	-1512.5268	3041.0536	2376.1603	14457.0836	0.0015,0.5024,0.8571,0.0016,0.359,0.145,0.5423,0.3951	
SC_ae	Round_6_Replicate_29	-1512.6195	3041.239	2349.79	15065.784	0.0022,0.475,0.8228,0.0024,0.3411,0.1425,0.5742,0.4	
SC_ae	Round_3_Replicate_6	-1513.011	3042.022	2363.4795	21179.2058	0.0011,0.3371,0.5847,0.0016,0.2366,0.1107,0.801,0.5523	
SC_ae	Round_6_Replicate_14	-1513.7267	3043.4534	2395.0652	14042.5126	0.0022,0.5085,0.8988,0.0023,0.3689,0.1497,0.5479,0.3796	
IM_ae	Round_6_Replicate_13	-1617.5502	3249.1004	2643.2167	14478.6262	0.0011,0.4793,0.8309,0.0013,0.5639,0.4725,0.3167	
IM_ae	Round_4_Replicate_14	-1617.6406	3249.2812	2637.7368	15220.4072	0.001,0.4581,0.7875,0.0012,0.5343,0.4902,0.3302	
IM_ae	Round_6_Replicate_11	-1618.0275	3250.055	2655.7381	15755.7402	0.0028,0.4413,0.7687,0.0035,0.5156,0.5042,0.3411	
IM_ae	Round_2_Replicate_13	-1618.1697	3250.3394	2645.9191	12780.7866	0.0025,0.5424,0.9433,0.0025,0.6307,0.4096,0.28	
IM_ae	Round_2_Replicate_14	-1618.7758	3251.5516	2636.1482	11883.5497	0.001,0.59,1.0048,0.001,0.6911,0.3783,0.2595	
IM_ae	Round_6_Replicate_25	-1676.8886	3367.7772	2775.076	3495968.9147	0.0013,0.0019,0.0034,1.5083,0.0024,124.4272,88.1293	
